,BTCUSDT,TOMOBTC,ATOMBTC,MATICBTC,BNBBTC,ETHBTC,BTCUSDC,LINKBTC,STRATBTC,XRPBTC,XTZBTC,ENJBTC,WAVESBTC,XMRBTC,VETBTC,THETABTC,ZECBTC,BTCBUSD,TROYBTC,EOSBTC,KAVABTC,BCHBTC,LTCBTC,DATABTC,INSBTC,BATBTC,BTCTUSD,BTCPAX,RVNBTC,ADABTC,NEOBTC,WABIBTC,TRXBTC,FETBTC,XVGBTC,ALGOBTC,VITEBTC,STXBTC,MITHBTC,ONEBTC,ARPABTC,ERDBTC,FTMBTC,DASHBTC,BEAMBTC,AIONBTC,TNTBTC,VIBBTC,LSKBTC,CHZBTC,WPRBTC,XLMBTC,RENBTC,KNCBTC,ARNBTC,DOCKBTC,QTUMBTC,NANOBTC,IOTABTC,GOBTC,LOOMBTC,IOSTBTC,SNGLSBTC,ONTBTC,RLCBTC,DCRBTC,STEEMBTC,ICXBTC,ZRXBTC,QSPBTC,ZENBTC,ENGBTC,ETCBTC,NKNBTC,ZILBTC,REPBTC,FUELBTC,WTCBTC,BQXBTC,HBARBTC,POWRBTC,MANABTC,CELRBTC,FUNBTC,MTLBTC,IOTXBTC,BANDBTC,POLYBTC,DOGEBTC,CNDBTC,LENDBTC
BTCUSDT,1.0,0.06238069312925475,-0.5330944753834321,-0.24854173746440172,-0.11135515011447791,0.06428215177227174,0.9999259649345366,0.12364529822815834,0.22215006236164847,-0.17330197208712728,-0.750567560491045,-0.17292474173101074,-0.14943655488023191,0.21293291058720967,-0.43741982810664254,-0.48259158102555455,0.23902169534801998,0.9998462645536689,0.4758538325842679,-0.16254333152043618,-0.6750382345747536,-0.14696329501437513,0.18434264414784723,-0.4776664424895705,0.22352775475679817,-0.379599501359698,0.9987952398778923,0.9999288447420466,-0.24242064932628474,0.3220458367468919,0.15816638599299948,0.3756357434405996,-0.27346285323312497,-0.7575150407625663,0.3186208880293797,0.637537450267212,0.7287904214641224,0.7826674361952735,-0.7150223037336617,0.05139681546044226,0.9501004649549184,0.3105480746327034,0.21249741405782263,0.3687993868159024,0.2460281408624227,0.44100190046223964,0.4433227767015123,0.3463868777670671,0.32026505467559807,-0.3262472086687734,-0.07057228957319062,-0.22188428098289734,0.47083007755250667,0.18165595728100517,0.09248862019201116,-0.6472560203800941,0.2779763113129679,0.14251599007927562,0.3635287560105894,-0.7250853282213834,-0.14025871592571196,0.07090397358690428,0.053814969542532363,-0.052093124269369226,0.10801164242465375,-0.7550243927214152,0.06966191336827895,0.3761686371423261,-0.16873763603394534,0.3425455927184092,-0.2954997046078699,0.20624830447815937,0.14476957775880975,0.17989604218982044,-0.18196130636988725,-0.4487635000123719,0.35611880357664405,0.19856281849295937,0.3242184710672423,0.28874043790037957,0.313995567269479,-0.42734532504054945,-0.634930426591709,0.26870456303601614,0.1712511217878837,-0.45173778568399064,0.3241841582570578,-0.7394994939404494,-0.5935790869007062,0.18648728187110472,0.37050586287772047
TOMOBTC,0.06238069312925475,1.0,0.09320465852683457,-0.1501243079627985,0.34092644106287,-0.22991676793725366,0.059233098105557824,-0.043988783872237654,0.4555345755486875,-0.1462138047328801,0.39718754472233114,0.23969274901857726,0.40216708652875083,0.26413899569948246,0.027314270758162357,0.7142925779601289,0.3494684450919286,-0.13967811696723328,-0.5299767545506152,-0.16698455418985464,-0.01769088969372199,0.13378673809670366,-0.04283133885784269,-0.086813886002313,0.19030996864815186,-0.10925336633368254,0.05922975051529726,0.059233540168199664,0.0200535699845705,0.050608078705094615,0.06089298390070269,-0.03258120747309399,0.02196899686925257,0.15208388729106992,0.34635138679002836,0.5740422271889971,-0.6624237320953134,-0.21372043768440746,0.3750068605707871,0.27559903874568215,-0.18898615571535202,0.2173734527941819,0.31222758244239734,-0.06187139523868476,0.00048069221806225094,0.045915853865251016,-0.24369917797207327,-0.20301426507694048,0.1746418668597148,0.14366907437809306,-0.14972573660685196,-0.06388011043838322,0.2642502682208005,0.07472502836548298,-0.021100726764986127,-0.22679283204078723,0.38394479586494507,0.09542881077942117,-0.2310724741491021,0.3929163011275842,0.13733205728953868,0.4092099912054578,-0.17730544835082196,0.09240291315611619,-0.05499941943737683,0.31765630089743574,0.5512819660286478,0.25264450924053994,-0.19384417806797827,0.09260021132449571,0.28153972426638746,0.08108004954742204,0.3140536752694312,-0.1129614306775376,0.3832919575544176,-0.03118260198189311,-0.40729151882265735,0.2964480569539957,0.10672595654767462,-0.10446598232397335,0.2965731609997112,0.30037250704431157,0.2900811292380079,0.021724566105868075,0.12240489505574224,0.010551711902355416,-0.16210441026380204,0.5165647577768142,-0.09580749910223582,-0.04335147556121743,-0.0943615439867572
ATOMBTC,-0.5330944753834321,0.09320465852683457,1.0,0.34374660942799534,0.773129847884248,0.8372235231586254,-0.5356340652661195,-0.38184982702522785,0.8429577736561046,0.870127468376903,0.8845546259811687,0.8611287681743722,0.777894923757925,0.8026754775753875,0.8860393800980566,0.745336903361129,0.7621808743874023,-0.5932838927761467,-0.6095977262353116,0.8466691103157243,0.5155733100007626,0.3095888252878034,0.7935263618988532,0.8711488267809778,0.8445542679054947,0.8444469479674324,-0.5351680539975104,-0.5348340257344723,0.8491243679136692,0.8707851442033621,0.8686934705244299,0.8604561031113721,0.8952948473149848,0.8403703293331072,0.8383785163101336,0.3705518417808727,-0.7163906903778982,-0.7514584678934102,0.7982960760881872,0.7686749149304309,-0.6386085161204578,0.406741312028319,0.6192170062038914,0.7806599744334236,-0.48389151653326723,0.8206685079463352,-0.07478075740298501,0.9065624897444913,0.7903396340623116,0.6800491358602959,0.9054909948476833,0.8638966860065956,-0.37494057054122865,0.8545548891960489,0.8528469194618598,0.7812757275041482,0.7845751745837646,0.8244123057965277,0.8331685261366059,0.8783771293916104,0.8268950578575774,0.7919321696193251,0.8854516946556291,0.8682984567379193,0.6092547840146902,0.7873305925290353,0.8465965821574037,0.8008175278615369,0.8086077445618918,0.875204465797024,0.8552714774017023,0.844707929687993,0.7857722901245228,-0.5399528604626657,0.8576363041024586,0.8536094767543564,0.8506836345977332,0.6693356466963727,0.6197792666515606,-0.6944944509442076,0.8303974327080829,0.8353059674912562,0.7816720423275967,0.8737449214199737,0.8325564676823038,0.8439205888073298,-0.635303677422781,0.8144795426042044,0.6864208993030212,0.8897219680924578,0.5062966362207443
MATICBTC,-0.24854173746440172,-0.1501243079627985,0.34374660942799534,1.0,0.11913307660630285,0.21766594320766747,-0.24096627506693372,0.1635050924092226,0.07076646645024537,0.16298653884201866,0.6134283135064784,0.13805544601430586,0.000698707110815092,0.09220675805081864,0.4123501931608787,0.1175966272386471,0.016498147126467022,-0.5557001052704941,0.6562233545609844,0.1331786977894488,0.32053463497295515,-0.4626079467237186,0.0839961146077773,0.4927555184687662,0.0720573798238751,0.04575366417218611,-0.24046193175225847,-0.2409750519986695,0.09795663597399581,0.12044831536323901,0.22067640867646282,0.12104289511794052,0.14760759373165996,0.26649797804522796,0.21267574721182692,-0.0836141664643414,0.8908423019612967,-0.6221937584882465,0.06643520384950781,0.3372558093643353,-0.5127266338899091,0.10516455691162353,0.17487151118199826,0.04223949490884523,-0.3805628715278421,0.05725370231144224,0.37707495355493564,0.2017889836539595,0.010132584210521357,0.4410835714006075,0.2950142105457345,0.1485781342915211,-0.24386050661925937,0.3350999803610035,0.10945939242009735,0.20607351464126333,0.06216870065631971,0.06970739961770744,0.2019529228505933,0.17446048845128503,0.08794080217596362,0.009657658215052238,0.18645385847300633,0.10836592953494625,0.28601238092473663,0.035664022914955684,0.05799402381490104,0.011241719012788575,0.2837309586047696,0.13422567475716432,0.1735678780554309,0.44346898792925254,0.09307512017083759,-0.34006291539288835,0.13088934346193168,0.06530274198521219,0.18833217787718268,-0.11154375028974502,-0.14377707804667103,-0.564528035219448,0.031557288146120965,0.0529246701802072,0.2556334566629986,0.1986339870485026,0.07320841127715194,0.07762904291757161,-0.3429768010228232,0.04139926087984313,0.3581491698925611,0.18076768331103288,0.48254918848847833
BNBBTC,-0.11135515011447791,0.34092644106287,0.773129847884248,0.11913307660630285,1.0,-0.5050138981962908,-0.02109148662477516,0.43904173317354367,-0.5881372018485697,-0.1942707288932818,-0.07154258221425396,0.5731439538252433,-0.26111455662058103,-0.5298066618476666,-0.27608971973722646,0.38031319778265393,-0.5881926238126123,0.12947203916283617,0.6574739647187551,0.18972724924614054,-0.022150405490363713,0.0359423214568222,-0.07454598307940123,-0.21141315064900623,-0.4133730490028812,0.45050170102562404,-0.5310760151854456,0.0582531035464725,0.689232940429112,-0.37939359140280604,-0.45705266114387,-0.3568673437453535,0.14542427097063843,0.6644428830596762,-0.298527498325442,0.864410318790835,0.5395511774680793,0.5155535610950311,-0.2735008691614643,0.9388944559653768,0.738348134210559,0.6913655654732813,0.8641389158670877,-0.5952348709132257,-0.5432293655258067,-0.5151186259417336,-0.41342625040914727,-0.48286391696889813,-0.4984269745464956,0.6483498650920948,-0.384059441880872,-0.4432755859524522,-0.09992531426459061,-0.518643719031714,-0.2514963624173459,-0.2142848828542096,-0.5748684152651492,-0.4601710488131758,-0.47136859577951723,-0.27238379050856093,-0.23345158840788632,-0.2699834893915568,-0.6091374903570119,-0.18992879568197646,-0.23999419217554252,-0.06987098077173469,-0.4533271598772411,-0.4720765264125547,-0.14208191386114336,-0.45032961774873365,-0.2958152495367676,-0.2391842256748358,-0.5506619636712846,0.441291721867731,-0.30279912920312957,0.0947116257567088,-0.45407684722877556,-0.3855768532945459,-0.42630664009078606,-0.1372079965087428,-0.49277630235647363,-0.14598460600857177,0.8205714881965275,-0.5045112478809772,-0.6118184960041697,-0.09823300625053426,-0.5215554297138755,-0.3619491935913974,0.050025958663662724,-0.3899228206716824,-0.4637117834645303
ETHBTC,0.06428215177227174,-0.22991676793725366,0.8372235231586254,0.21766594320766747,-0.5050138981962908,1.0,-0.7771958085731652,-0.6006547699702134,0.8646658399901487,0.6260827140486778,-0.372948204991564,0.21380968296164127,0.5937652780071293,0.8940465142518923,0.8003182435348876,0.5725373673541945,0.905190124943777,0.07599734237351478,-0.006176392722509571,0.6203664691483395,0.37287894684265044,0.5726720776798239,0.7322293772643623,0.9226547430342412,0.8382619954744578,0.3215930219764274,-0.6628246320397713,-0.7511061221741958,0.4578072569461286,0.8770440625556486,0.8883853480765774,0.822944841824275,0.5670111073222313,0.841544714283159,0.7388146332729739,0.6517158096187349,0.14477398991232496,0.25811842356929093,0.6019223865651884,0.8597744397388124,0.6225820346576081,0.5223539939442073,0.7244876597774174,0.8164942003786291,0.39739539367665644,0.8776639914262461,0.7414066269053211,0.8480808634389605,0.9105237145665235,-0.033261745823949244,0.8540588562006303,0.7269021141050668,-0.41367693346499845,0.8888358524923617,0.8330234086979355,0.7657328503546627,0.8762840077924341,0.835300744008415,0.8315820593659656,0.7202152076306212,0.9204974771104347,0.890950292653243,0.6322192322459331,0.8793518271450182,0.8545057652874879,0.7987482936322984,0.9546938789949997,0.9217335755951126,0.6631397924715435,0.9071211818712334,0.8552586910470164,0.9112961371657052,0.8852977469194446,0.7544189840525148,0.8989822563489688,0.8637415124818213,0.8646503133435018,0.8744711311875668,0.9177091763474204,0.7796402748251466,0.8479562740790669,0.5940903138911207,0.8647115136444299,0.9084506999324533,0.5669948071902783,0.8835805165651731,0.46050922031611075,0.7498158063259605,0.6294792906700596,0.8651355420879965,0.8317059351460419
BTCUSDC,0.9999259649345366,0.059233098105557824,-0.5356340652661195,-0.24096627506693372,-0.02109148662477516,-0.7771958085731652,1.0,0.6421635672866931,-0.8709221972784943,-0.9055662864516215,-0.7552003495891798,-0.4509283019512313,-0.8881529923656961,-0.8140792284055186,-0.8374201408716848,-0.6307484532733517,-0.7884947094783964,0.9999176484204674,0.4808473177286004,-0.6706633946795406,-0.677394032178934,-0.1491722380229757,-0.39103820855662424,-0.9185610801834583,-0.8954696535752132,-0.5952497376271988,0.9999930318405699,0.9999973913261949,-0.28216540751808816,-0.7417164765600542,-0.8257134824704268,-0.670317181188012,-0.8523434859865356,-0.757309775660246,-0.8727938802920907,0.6323960752268295,0.7263264890618119,0.7831607849234165,-0.8335539163954099,0.053100615286197805,0.9509448862691137,0.3125888103316814,0.2153764734037166,-0.7429156339046112,0.24535198298662328,-0.8652640203484658,0.12326562944413523,-0.816873498260365,-0.8259880687069564,-0.32935894079542655,-0.9232723546326258,-0.8821575372969743,0.49432495592989417,-0.7902669995191174,-0.8175248290007463,-0.894493647260772,-0.7906400083228047,-0.8217368997314911,-0.8829026255990351,-0.9029442915052325,-0.8109307089577059,-0.6973319866238437,-0.8738993184468064,-0.687557656572861,-0.6588110749163494,-0.85083168962237,-0.8430006926883206,-0.8321686932945433,-0.9307635475828784,-0.8362735130173202,-0.740318016726105,-0.7693515828969998,-0.820769041795088,0.180470382300586,-0.8727622348631129,-0.8017730573257358,-0.8823529388303988,-0.6771111564027125,-0.8397398231123592,0.29103675611046464,-0.8602247283666868,-0.86914355782658,-0.6330738668888999,-0.9199320274177286,-0.7643651787702467,-0.8360556066090337,0.32535865992657925,-0.8618746660710832,-0.5924284753396897,-0.8488909419792477,-0.87602060513738
LINKBTC,0.12364529822815834,-0.043988783872237654,-0.38184982702522785,0.1635050924092226,0.43904173317354367,-0.6006547699702134,0.6421635672866931,1.0,-0.5901183088312418,-0.5085105561815941,0.13368425826032887,-0.07311472700582722,-0.6289084143766196,-0.7381083505692282,-0.7554321819008755,-0.43794480708922295,-0.7418520275590081,-0.330573808344418,-0.5295945321838348,-0.44476322628680454,0.29831797935316984,0.4027346978880494,-0.4596778603267165,-0.7382008843248412,-0.4677717915285402,-0.27700119570226617,0.4741886507112415,0.6660361985658967,-0.37715092596232935,-0.5389009519074857,-0.5204499636369887,-0.4483910718799771,-0.35407393768451767,-0.6391177184674809,-0.4628443805876809,-0.19933902436320236,0.09023568858229673,0.3466075504994555,-0.7160478432245145,-0.5110532505956213,0.42922394466630404,0.15535672691815375,-0.2987282143032951,-0.6897954176397583,-0.6715968008034188,-0.5246263095511506,-0.1605985049739155,-0.5278983541069886,-0.5621131007740382,0.6391730289360824,-0.5986910554873278,-0.7768412873818729,0.4146925500544187,-0.513321049381241,-0.5078476540820412,-0.73757274400698,-0.5334561250552675,-0.55648790621126,-0.6339576576008021,-0.7715563495359112,-0.6310998717043027,-0.6195705980107808,-0.45692594854843654,-0.5874315081667193,-0.4695045553635665,-0.8342175520670739,-0.6615678163694857,-0.5272852554366099,-0.5563998099186412,-0.5047714729980244,-0.7989212994331633,-0.4716750707262292,-0.7821072279218374,0.2356108931898589,-0.6854002166599649,-0.658653224266932,-0.49030572590067206,-0.5312549786307635,-0.5050637943836694,-0.2357229807708559,-0.6322759992979098,-0.7056241955313226,-0.6404591602737347,-0.5706828012364872,-0.47684063746443056,-0.7240183071300139,-0.7519925345673475,-0.8193410880210064,0.8340562353365562,-0.48046978701021587,-0.4389945990852699
STRATBTC,0.22215006236164847,0.4555345755486875,0.8429577736561046,0.07076646645024537,-0.5881372018485697,0.8646658399901487,-0.8709221972784943,-0.5901183088312418,1.0,0.6761335409238353,0.4873754327882102,0.20783734950508445,0.7153961036502111,0.8986831142550397,0.7765717848057185,0.6249781632682412,0.9153638342478195,-0.6165896636977015,-0.23432211460992325,0.3827487069814521,0.5678739807420263,0.29443340355014985,0.6555206270507448,0.9274169740238885,0.9547075213268075,0.24206790942370718,-0.7749367610224048,-0.8677159302934467,0.32565726255513333,0.9403577381845586,0.8513218739080384,0.943217060412053,0.4581581010847947,0.9009806501576173,0.8010156925752681,0.8720583879861912,-0.37690274387451983,-0.7329078176486038,0.738486382707914,0.954893197674777,-0.7334776235564352,0.8446063371874267,0.8926042330706492,0.9348634035868545,-0.022684665086193427,0.9487059057118474,0.8269592634179144,0.9490487720045222,0.9179728784038453,0.012336939769699455,0.9546349523929636,0.6691686882655167,-0.3389250963322578,0.9209286164787781,0.813984290820955,0.8354300153782944,0.9526221344765813,0.9049664048023178,0.8760268394635822,0.840530810063391,0.9635302767847962,0.8896014688028474,0.8197336362223687,0.8046119622363521,0.8516303979222313,0.8845663958583744,0.9726953427433276,0.9601818782172264,0.4309679179577519,0.943936989684554,0.8461494321883624,0.844464269660508,0.8191394519537122,0.15175142173860082,0.8605193016866496,0.8598335931904147,0.9450850693248979,0.7918246311248268,0.875613556710474,0.058387577615904546,0.9397063977278461,0.44778255308808124,0.9472151391316481,0.9329258762113924,0.6836093973520462,0.9364416548528733,-0.03317003093628752,0.9298241039388294,0.2568217536046942,0.8345963071041759,0.9372366775854598
XRPBTC,-0.17330197208712728,-0.1462138047328801,0.870127468376903,0.16298653884201866,-0.1942707288932818,0.6260827140486778,-0.9055662864516215,-0.5085105561815941,0.6761335409238353,1.0,-0.43133032266259685,0.37717605923469877,0.8195112142468691,0.6739643751472616,0.461894603844525,0.5338470332622094,0.6411603490560143,-0.09863242247982985,-0.4636729930463392,0.5637253597398445,-0.32884444234762433,0.039293769693252295,0.5564446712416127,0.6511755449636021,0.7173165941315537,0.5092084528086829,-0.8133171521398139,-0.9111880583749,0.20220498632051848,0.7635391419859322,0.6013257259379106,0.7122569488518264,0.7599823733336011,0.93135184007908,0.6905384321083092,0.41293075608244034,0.07648415319365547,0.767207061886671,0.8617041582061409,0.8384253780070035,0.5930176290236959,0.16910983584530706,0.648196122016239,0.5480987109024562,-0.35956338561234774,0.6893131287535103,0.5262200668416315,0.6383527021569716,0.6501028448755758,0.18779522361393686,0.6227164426241014,0.812291842703221,-0.3576165945321325,0.5988556489709697,0.765571294562862,0.7116408500749026,0.6313836178638398,0.5925790644726812,0.6014560431176259,0.8468504317454287,0.5847782004659574,0.6158475518909484,0.48906734747350317,0.49935039363543415,0.6294543887820495,0.8674781849239683,0.6674072260455651,0.6904916672965848,0.6524862318713315,0.6852515664601558,0.4974237126959044,0.7309756002886215,0.534855163600244,0.7858547275318978,0.6344701528243141,0.6187990320229672,0.7369903885901411,0.5585767433694276,0.6209404440860046,0.419968235657912,0.6614983136232443,0.73014286553454,0.9310684919047699,0.6872787844417217,0.358439759323917,0.683878052698347,-0.20876530166403165,0.8546002573190302,0.8443289602690668,0.64852827860335,0.7508636467581022
XTZBTC,-0.750567560491045,0.39718754472233114,0.8845546259811687,0.6134283135064784,-0.07154258221425396,-0.372948204991564,-0.7552003495891798,0.13368425826032887,0.4873754327882102,-0.43133032266259685,1.0,0.8000833504063688,-0.4227866486010368,0.6356512523389133,0.8222808820337518,0.42628340219927113,-0.31011402934148313,-0.754646748250324,-0.7830296493455708,0.00428365781816234,0.5437231192997416,-0.09114164998760009,-0.5727237976815717,0.6491428038018573,0.4166712819993882,0.1781995847947264,-0.7550783818935158,-0.7550540114616464,-0.17852925051200116,0.6978790073384892,0.5229486191650435,0.6548230898986088,0.12752601356249713,0.7997759371766333,0.8918712204588881,0.8327284056926161,0.22377655468130825,-0.8390702042146603,-0.6855385019461011,0.6107888176258369,-0.8462337651544857,0.8450855672881907,0.7291078741849818,-0.7875004294477392,-0.2119840809864913,-0.08864614134597748,0.07118402990206013,0.36058506306825416,-0.31538633202405275,0.36809180848075623,0.4860756635335509,0.0359383740967354,-0.3553992578613439,0.7220457405161591,-0.2802732851129082,-0.32712893425424094,0.5088193511429728,0.6551920991054421,-0.7317691615164129,0.8020645192336303,-0.3430978835807415,0.5856777189697487,-0.027424490817916272,0.10985556173029953,0.576542350806695,0.8261316021760348,0.40601642576673425,-0.4105540437934552,-0.0016049328968937176,0.4978965272071028,0.901038712421048,0.8604951153483618,-0.428934071684797,-0.5189355270454463,0.6574705314300939,0.8150239749219431,0.4310411243652555,-0.8239849566012295,-0.7494909649002202,-0.6031288604817734,0.051884238293870746,-0.09334160326917125,0.4847905977690237,0.4649900130716941,-0.04037313797458544,0.054064483933348104,-0.357080592609545,0.14887166304819405,0.21916411581597323,0.742235432586185,0.5946423872521409
ENJBTC,-0.17292474173101074,0.23969274901857726,0.8611287681743722,0.13805544601430586,0.5731439538252433,0.21380968296164127,-0.4509283019512313,-0.07311472700582722,0.20783734950508445,0.37717605923469877,0.8000833504063688,1.0,0.42119654220226677,0.17159335839701625,0.052546487749541654,0.649648354290098,0.10550375879971437,-0.5946652120324821,0.5099399907994803,0.38859444100743196,0.18595028170119754,-0.538535924110686,0.5686998118469355,0.04592561172688739,0.2730351332047895,0.7308712307614074,-0.8228152394429725,-0.399407638606839,0.802299160939761,0.3214325004726098,0.21564099834434186,0.4018739808584769,0.4652720977704027,0.814753838234723,0.23561954049325012,0.5233041107256995,0.09608606152570474,-0.7112907888907597,0.11879875558094077,0.8961417257330083,-0.6547200678749591,0.5727532523647523,0.8073213588699766,0.12522267148729402,-0.19074336123924449,0.21201735563633767,0.1976725992132018,0.24183037684621406,0.2173217017281517,0.24177203592462954,0.0982593011866909,0.16305090382511833,-0.2934821567784235,0.21624931757962765,0.4246168275962912,0.1777909017284206,0.19214772460671103,0.19070229196691163,0.12061709484628293,0.1745060648365008,0.1659495453584824,0.27654851412440445,0.1326443705807639,0.1256100670982318,0.3891794820057761,0.31905917559363267,0.17411636465307762,0.24923530176037578,0.13607063643459774,0.25902975064834954,-0.006704994863191935,0.33449471612736537,0.05615247159022765,-0.38967191271216517,0.09212867071997191,0.3731095625730024,0.2805035011938018,0.21677897502228272,0.20268536452919456,-0.48393619526070797,0.21438442675973532,0.2765851146501842,0.9229117182256698,0.18495299884587366,0.036100538194252636,0.17598971389196402,-0.2694166372580972,0.06441174552441795,0.36276720829414605,0.3080984442619651,0.2783517955104568
WAVESBTC,-0.14943655488023191,0.40216708652875083,0.777894923757925,0.000698707110815092,-0.26111455662058103,0.5937652780071293,-0.8881529923656961,-0.6289084143766196,0.7153961036502111,0.8195112142468691,-0.4227866486010368,0.42119654220226677,1.0,0.6538528353165755,0.32513881197671884,0.6150092406149699,0.6636705641676346,0.2268626033199772,-0.4093868414095583,0.5039584173937771,0.04360796018075249,0.29038975914954135,0.6573724022021011,0.4918372628763531,0.6121870720109724,0.44045878368334646,-0.7745360605173135,-0.8728583620196911,0.2510658053664646,0.6482746226333931,0.5566673422894374,0.6252288087565352,0.7454020213862126,0.930863505947069,0.6288904415090169,0.8955502458813707,-0.5160860455525084,0.2352234475179248,0.6050872686086493,0.9658462214434999,0.22045400720655933,0.6406493936637029,0.8774952910024365,0.6961762198026885,0.6906427625312814,0.5855255464456265,0.4067579358528986,0.6542953992553153,0.6031147579703298,-0.7867029119270739,0.5354696191528567,0.5984325541367478,-0.3488891378210822,0.5793554029076075,0.6361263986670106,0.4839891710592249,0.6464259035172429,0.5342594039613237,0.6987512308726466,0.5822732316128796,0.5331076583132076,0.591505214361376,0.6364110964879692,0.43520425138189345,0.5823401715544279,0.6820621448606101,0.5787218979379835,0.5860911655893094,0.47459910661991844,0.5909105663898507,0.33122146104487343,0.5881506132833597,0.5886623453827179,0.7107182715140768,0.5790634549131684,0.6702013724977772,0.6097113690658359,0.5310456987122757,0.5569796809352717,0.8033067101377069,0.6993774450451332,0.60927367418232,0.9533779735720447,0.5706245801488428,0.6005912501122556,0.5390474175313077,0.7193142818186987,0.6646158942750842,-0.1690920792326766,0.5574212383684596,0.585565986398673
XMRBTC,0.21293291058720967,0.26413899569948246,0.8026754775753875,0.09220675805081864,-0.5298066618476666,0.8940465142518923,-0.8140792284055186,-0.7381083505692282,0.8986831142550397,0.6739643751472616,0.6356512523389133,0.17159335839701625,0.6538528353165755,1.0,0.8931200201538789,0.5131243261755012,0.9319454022522545,-0.3832703465696069,-0.038079398010171385,0.5732890724493387,0.5985804777336561,0.18761232710006828,0.7587789195161306,0.895875048749778,0.8257676015366355,0.2516091866185351,-0.6909741495712101,-0.8234776438055565,0.40483148304062855,0.8468849078347236,0.9126982502489266,0.8205540798559372,0.4866105960862133,0.8432817709919602,0.8253784521309724,0.8758341949626725,0.3762951578731549,-0.5686084734684904,0.8479181336194797,0.9408205441448357,-0.3912073803337238,0.6717682199476174,0.8282380521299239,0.9048578320384145,0.026536404593618026,0.8960083159442687,0.6825197495547212,0.8740714013223909,0.913220440296646,0.19751069400327312,0.9284323994613521,0.7788035035214806,-0.36192468141021267,0.8782845824144411,0.8266806799632751,0.858525930618505,0.8924050684008971,0.9067663794954229,0.8789120790561471,0.8751202687824494,0.8962480107297751,0.8206728745985784,0.8013900795486417,0.7223639524507633,0.7753371954697285,0.975483616471027,0.9358379992569263,0.8845205495182713,0.6499146129557534,0.8724961848236218,0.918078498948444,0.8488741518201032,0.9043850180880345,-0.291162071440929,0.7687830982234356,0.7846097977742019,0.8675922695212045,0.8825230675117195,0.896992772319544,-0.3224049028095798,0.877761218201315,0.5987330629953763,0.9029354732571534,0.9039649274170556,0.8504145503262862,0.8714476567783408,0.03240889074834031,0.8723214752423698,-0.14208685782867003,0.8323410957852533,0.823146849258677
VETBTC,-0.43741982810664254,0.027314270758162357,0.8860393800980566,0.4123501931608787,-0.27608971973722646,0.8003182435348876,-0.8374201408716848,-0.7554321819008755,0.7765717848057185,0.461894603844525,0.8222808820337518,0.052546487749541654,0.32513881197671884,0.8931200201538789,1.0,0.2664873755142842,0.8817773206181189,-0.5809013056482811,0.6028301087339388,0.737416402882594,0.6146660646598815,-0.15735816732096128,0.20750052058672497,0.8531116310009155,0.5321479534248156,0.30743116713193824,-0.8296644786749813,-0.8400974029057674,0.4970424432408075,0.8121209482864985,0.9401074799013662,0.44458474094096334,0.3768934139766959,0.7757349720123362,0.9019785513636726,0.18068740947232387,0.7376177269306453,-0.7560800365488041,0.700388573135995,0.5492880519271096,-0.6554633551992178,0.3959860309738364,0.43795153327937686,0.8697579216770526,-0.3838049618867683,0.956703267880105,-0.25105295454228777,0.7009338216835098,0.9406484316362997,0.7044502226755296,0.7829773593840855,0.8182395667950828,-0.40638971067898955,0.9178646068581772,0.5389589617177631,0.7948625149593179,0.8480198565113906,0.8555754431653457,0.8594866353152647,0.7829349291608497,0.8472553945151445,0.8064757510215155,0.8129322201925655,0.9329292910172716,0.4420744319908466,0.9415874362716842,0.9143203611560142,0.9489756500521549,0.8652428562211218,0.892694540084531,0.9367261671344235,0.8622879553880939,0.9074738083959084,-0.5691697475917361,0.8704404756419116,0.5587350700462579,0.7787437399090373,0.9260706579609284,0.9028890725238238,-0.6606487954548368,0.8602306678715869,0.7367638259197508,0.8414107918843531,0.9341493062414042,0.8997058932090904,0.7492024344671292,-0.5322515174433501,0.7463060427421161,0.5309723162069863,0.7551279982396986,0.7563184594517648
THETABTC,-0.48259158102555455,0.7142925779601289,0.745336903361129,0.1175966272386471,0.38031319778265393,0.5725373673541945,-0.6307484532733517,-0.43794480708922295,0.6249781632682412,0.5338470332622094,0.42628340219927113,0.649648354290098,0.6150092406149699,0.5131243261755012,0.2664873755142842,1.0,0.47816988162497925,-0.31911889876730937,-0.5369233062259587,0.7348311753906629,0.11423819888967454,0.023519678171552302,0.7716056475754542,0.5378843545296057,0.6893392667453377,0.5607124876586347,-0.7882004767170523,-0.6034299358645976,0.5275616841621722,0.6514101674668059,0.5786434268523203,0.7696737999420319,0.7307129125135726,0.9490517901673446,0.5779671222906684,0.18354530791317514,-0.3792544414841337,-0.2597985677313383,0.2723607663515865,0.818579712048252,-0.4013048134477969,0.13656321288232975,0.7244692049224905,0.5906022863477209,-0.0898245525571021,0.5144639290593539,0.1356826740699106,0.6735195896498782,0.5591486434455263,-0.005157551930785648,0.5596455790181722,0.373321162946991,-0.2910352204582996,0.5867342586830943,0.6986188627829278,0.3878030810981803,0.6047703526894906,0.5590732150837087,0.5873997118487659,0.38118861459854075,0.6513944397194951,0.6840827521799377,0.6909442903105851,0.5996071727703234,0.7047560844803897,0.47029938136966093,0.6125187783058117,0.5775764973838877,0.41065423691675335,0.6128057051886271,0.40671840555217953,0.6433929027260628,0.42797291431179335,-0.02543725904522195,0.5934078773935837,0.7429015745764622,0.6300561815089091,0.5527280299283981,0.5350386950428799,-0.22575713360712482,0.622622571456649,0.5343914568737973,0.9442179105359791,0.4314423099014365,0.6006101637061025,0.6514614016462712,-0.111983686900805,0.32031138040964496,0.0036968761902127657,0.723126137125864,0.5819962408604272
ZECBTC,0.23902169534801998,0.3494684450919286,0.7621808743874023,0.016498147126467022,-0.5881926238126123,0.905190124943777,-0.7884947094783964,-0.7418520275590081,0.9153638342478195,0.6411603490560143,-0.31011402934148313,0.10550375879971437,0.6636705641676346,0.9319454022522545,0.8817773206181189,0.47816988162497925,1.0,0.27747655398531923,-0.682667865665627,0.5250638593584824,-0.206429284511658,0.06451694248397954,0.6819748491038726,0.9083245759488633,0.8295986169885132,0.21987059324776512,-0.5944426716233211,-0.7982490206990815,0.32148024555693644,0.8839469450641062,0.8753209260428185,0.8348258226265123,0.4457420795409537,0.8382466866815884,0.7735733686642361,0.8937898014243302,0.11165213773260338,0.14687071454874914,0.901254525782766,0.8897437286403642,0.15223641926272327,0.8100611160269301,0.8381360798893057,0.942946133557582,0.6724097358935208,0.8870500581610573,0.6989358662491745,0.8870455211985772,0.9213415947786782,-0.7430350156116344,0.8608558191483131,0.7971299271368548,-0.2809409163291216,0.9002529748481167,0.7720501088809809,0.8633374345967861,0.9038027969426691,0.8373319343754744,0.8808041771107615,0.9120999989458157,0.8976168068144458,0.8432339365502289,0.8773266385606927,0.8087795542179439,0.7990143643616036,0.9498978685451893,0.9487518436821843,0.89746909465232,0.656949833073224,0.900745750735595,0.9461693435573744,0.8275360944821794,0.9368673489896667,0.5946377485792527,0.8784455875369883,0.7927232598876061,0.871744359099452,0.8429733908285335,0.8814638315577705,0.7137859740697536,0.9301075732179271,0.5878355235556714,0.9150683439806653,0.8972733286587876,0.8603400541291483,0.8777408757649048,0.7308833940472934,0.911239225343217,0.014067435803962242,0.8155167008147725,0.8466646303661429
BTCBUSD,0.9998462645536689,-0.13967811696723328,-0.5932838927761467,-0.5557001052704941,0.12947203916283617,0.07599734237351478,0.9999176484204674,-0.330573808344418,-0.6165896636977015,-0.09863242247982985,-0.754646748250324,-0.5946652120324821,0.2268626033199772,-0.3832703465696069,-0.5809013056482811,-0.31911889876730937,0.27747655398531923,1.0,0.4801875055827291,0.3303689364161823,-0.6773305380438116,-0.14900857748231067,0.5398318989380998,-0.6287844271568781,-0.4062979805514775,-0.30348455711084177,0.9999146474398198,0.9999144788994221,-0.12162190869745892,-0.5354473098052405,-0.2033422149967061,-0.4608805191450828,-0.01682971882697657,-0.5904379250229369,-0.625537727150222,-0.5143182102777479,0.7270853052951795,0.782890896789917,0.3581850812724822,-0.4939233967064886,0.9509767450037632,-0.5549806272985489,-0.4370453827274499,0.5823082609812004,0.24530887617918049,0.03153178803425452,-0.42552145442787026,-0.510664789950015,-0.03761959564157647,-0.18253936470731422,-0.6430433851998152,-0.08741240949575009,0.09270795971605789,-0.6192548890598027,-0.13795102876578813,-0.24216661323919456,-0.12542691056859162,-0.4762313276684054,0.14717220651248897,-0.643532371532903,-0.09552963492550538,-0.13930432075911292,-0.46669791020114454,0.26801801933758834,-0.35691598789981654,-0.4563557522648938,-0.45080500093497367,0.22783994898773388,-0.3410122663673165,-0.5968121300901911,-0.6227287220101236,-0.7422999767141591,0.38090066616462237,0.18053374984339404,-0.3809521472106748,-0.5341814117814254,-0.379494753975215,0.6618918546378114,0.46055321338352767,0.29059265646744753,-0.3213063589240855,-0.13703101368352863,-0.5174433178463901,-0.5564533919466065,-0.2713557245734994,-0.2219972707724769,0.3015033507438362,-0.08722121516824406,-0.5132206358833299,-0.7116819446522954,-0.37502873191707436
TROYBTC,0.4758538325842679,-0.5299767545506152,-0.6095977262353116,0.6562233545609844,0.6574739647187551,-0.006176392722509571,0.4808473177286004,-0.5295945321838348,-0.23432211460992325,-0.4636729930463392,-0.7830296493455708,0.5099399907994803,-0.4093868414095583,-0.038079398010171385,0.6028301087339388,-0.5369233062259587,-0.682667865665627,0.4801875055827291,1.0,0.3611816254486239,0.029117215856631653,-0.2729326834199171,-0.008084586321095938,0.6817184227024589,-0.4945501929015801,0.13663343012345772,0.4794474812940843,0.47826340919210847,0.3826862048684007,0.1501768147697664,-0.4474660593684478,0.23719030705925045,0.1756232110984669,0.19727835490958426,-0.08409315469402467,-0.2429111312331698,0.005181829770439145,0.5059516510016826,-0.48212346318596144,0.42527187248140164,0.695799335861153,0.26997001802947035,0.5096194599137766,-0.14973954093136474,-0.6136235642316942,0.641181957667928,0.8311625545233832,0.5311513919741094,0.547613547242723,0.8066928830022164,0.8444462212262878,0.5712080402194064,0.2644720201799821,0.4187846766715736,0.5539703203289442,0.46401777352386736,-0.5602330821760434,0.40457630101032105,0.44765526828662955,-0.741170203283969,0.4367536529162795,0.5452898891062492,0.7565665526124663,-0.03323773575871987,0.1333601630968851,-0.22340231331064989,-0.7178491633343854,0.021215790342789025,0.5693361062218457,-0.49643573881463615,-0.6916657490594363,0.2672667645977425,-0.5796211302846427,0.4921820064694911,0.27318992019170313,0.1748570621479694,0.5459277489583277,0.2941333902642549,0.5704062231060312,-0.37479096761840647,-0.5796777767582217,-0.6887076704993192,0.3087862573234335,-0.46273022880483994,0.7122701635801034,0.4767591915761227,0.06105315729707162,-0.5381975421128952,-0.1680488333815032,-0.1755499815341636,0.5521789574617724
EOSBTC,-0.16254333152043618,-0.16698455418985464,0.8466691103157243,0.1331786977894488,0.18972724924614054,0.6203664691483395,-0.6706633946795406,-0.44476322628680454,0.3827487069814521,0.5637253597398445,0.00428365781816234,0.38859444100743196,0.5039584173937771,0.5732890724493387,0.737416402882594,0.7348311753906629,0.5250638593584824,0.3303689364161823,0.3611816254486239,1.0,0.10754358479374054,0.24217735422953618,0.5715071185043432,0.8744733721083167,0.5281990681006805,0.5884100816436951,-0.7013849378541231,-0.6428281888434395,0.702921479419669,0.5745677860137277,0.49262427587235436,0.47635821685909285,0.7951342671543372,0.8101945606900103,0.5359405334345153,0.8400249949293811,0.2749204193492544,0.27181359107993586,0.5346928068191283,0.9392829010406138,0.8273197907305719,0.6851855925490509,0.8369824839507435,0.3228868513314987,0.09945669462801901,0.5447017988106606,0.3374960032174178,0.3878851307506338,0.48083036833435944,0.14547410185599344,0.804344419065232,0.7076034744903251,-0.42848444039484357,0.4703623980670891,0.6191819280559427,0.7742061622568898,0.3504762040500595,0.49774031605196434,0.563563948003133,0.7042731227887534,0.9182692544829277,0.8833302414683074,0.06073553861133239,0.9238701879975039,0.7706082710091865,0.7922260958103852,0.7711334117836907,0.5981705337010963,0.8204058549387467,0.5258663209683707,0.8134067734155876,0.6740660154663878,0.4688373620684861,0.16023040014012668,0.9111473193024707,0.8901970082427599,0.46434876678710674,0.5138618264619869,0.508749937056628,0.21990007173954138,0.44232013408585064,0.7787874187027782,0.8890141638777075,0.480156616452535,-0.007458132549268499,0.9315866403564372,0.06607986139337522,0.6999989485122755,0.2991597705023373,0.5484923680769562,0.45254734796805496
KAVABTC,-0.6750382345747536,-0.01769088969372199,0.5155733100007626,0.32053463497295515,-0.022150405490363713,0.37287894684265044,-0.677394032178934,0.29831797935316984,0.5678739807420263,-0.32884444234762433,0.5437231192997416,0.18595028170119754,0.04360796018075249,0.5985804777336561,0.6146660646598815,0.11423819888967454,-0.206429284511658,-0.6773305380438116,0.029117215856631653,0.10754358479374054,1.0,0.5438031944153967,0.09931923579664206,0.47053952604214955,0.19488230378075408,0.4749633011024581,-0.6775692747248293,-0.6771596127923565,-0.09500663926702227,0.7187297630141235,0.44159710082454234,0.6948422048642744,-0.2241465525187548,0.4047517868329285,0.4876572606018894,0.41449565628254187,-0.29474137766949626,-0.3820254462396313,-0.49798630637689845,0.5162598654954377,-0.348101569781016,0.4858471084753313,0.4996703361038111,-0.26950202164732107,0.23500125989569412,0.11509921635544454,0.4035243135685769,0.7713135395457954,0.5113103310001187,0.420242188343413,0.34798399407451497,0.31384176298793015,0.08714579056773956,0.2231678839597736,0.40843982109157767,-0.16542132140132892,-0.04333021802744554,0.5865260580539753,-0.21894423354903575,0.2367610046857708,-0.1582244572803096,0.18199662409126433,0.4919905551411291,-0.326136590882544,0.661525655719931,0.5915056343630922,0.2331230158706485,0.23714274509829444,0.3897249379280459,0.4864688243360543,0.4948078069671557,0.5477026878820332,0.21070568421679858,-0.10778851241781832,0.2779427487612177,0.7920899248092556,0.5663770691820376,-0.31555710594406944,-0.4833975468992873,-0.12356858383719638,0.4675125947053765,-0.3215063840464056,0.3949940539023846,0.3043191180518063,0.2907877283756456,0.5390640782124678,0.1797397253453449,0.07114176010106467,0.6784234438254187,0.3697580437590774,0.6198271498768839
BCHBTC,-0.14696329501437513,0.13378673809670366,0.3095888252878034,-0.4626079467237186,0.0359423214568222,0.5726720776798239,-0.1491722380229757,0.4027346978880494,0.29443340355014985,0.039293769693252295,-0.09114164998760009,-0.538535924110686,0.29038975914954135,0.18761232710006828,-0.15735816732096128,0.023519678171552302,0.06451694248397954,-0.14900857748231067,-0.2729326834199171,0.24217735422953618,0.5438031944153967,1.0,0.6299699212518738,0.4114908315963778,-0.15764159302299982,0.5657147876467508,-0.14920725112725675,-0.14802983371717002,-0.7219056759827959,0.5204303409787961,0.7650222872147088,0.35174970675068334,0.6556321464072435,-0.35981539409439617,-0.3696525929674324,-0.20540417557781804,0.3088837833298821,0.35093963118151933,-0.021325820782517543,-0.5678154020890663,0.10616056851872253,-0.4605859813230313,-0.027568200076017728,0.4741082396507713,0.25293711646863587,-0.14543416712339913,0.16977366741216288,0.34698976575497503,-0.10571224717649358,0.31919976047497983,0.19660922594799998,0.3161442564767097,0.3140423769281617,-0.5566600461489813,-0.10605625005099661,-0.565973622852959,0.6207574667228261,0.18065577201415842,0.16346229220410474,-0.23102773332784965,-0.6178140460986394,-0.3201302610009428,0.0762926626281424,0.4986424971416183,0.23504412944010197,-0.3391992880354016,0.1361578904274215,0.2155075205062305,0.35610254883773124,0.4238251724334024,0.11868700712135266,0.3268848085451484,0.6912478937224278,0.15295378307378138,-0.72643496152264,0.44557688251917005,0.0028280702378441994,0.3447758289054261,0.13671510236804058,0.1582076556713942,0.5461202539198949,-0.10072935661652964,-0.40567259019536483,-0.1752634086782076,-0.13467253449630223,0.20741396488242303,-0.4576309660182613,-0.24367313903292684,0.3937445621862697,-0.5413719731998755,-0.31359973061383345
