,BTCUSDT,TOMOBTC,ATOMBTC,MATICBTC,BNBBTC,ETHBTC,BTCUSDC,LINKBTC,STRATBTC,XRPBTC,XTZBTC,ENJBTC,WAVESBTC,XMRBTC,VETBTC,THETABTC,ZECBTC,BTCBUSD,TROYBTC,EOSBTC,KAVABTC,BCHBTC,LTCBTC,DATABTC,INSBTC,BATBTC,BTCTUSD,BTCPAX,RVNBTC,ADABTC,NEOBTC,WABIBTC,TRXBTC,FETBTC,XVGBTC,ALGOBTC,VITEBTC,STXBTC,MITHBTC,ONEBTC,ARPABTC,ERDBTC,FTMBTC,DASHBTC,BEAMBTC,AIONBTC,TNTBTC,VIBBTC,LSKBTC,CHZBTC,WPRBTC,XLMBTC,RENBTC,KNCBTC,ARNBTC,DOCKBTC,QTUMBTC,NANOBTC,IOTABTC,GOBTC,LOOMBTC,IOSTBTC,SNGLSBTC,ONTBTC,RLCBTC,DCRBTC,STEEMBTC,ICXBTC,ZRXBTC,QSPBTC,ZENBTC,ENGBTC,ETCBTC,NKNBTC,ZILBTC,REPBTC,FUELBTC,WTCBTC,BQXBTC,HBARBTC,POWRBTC,MANABTC,CELRBTC,FUNBTC,MTLBTC,IOTXBTC,BANDBTC,POLYBTC,DOGEBTC,CNDBTC,LENDBTC
BTCUSDT,1.0,-0.012077251926492689,-0.5348426809665633,-0.24670024756076026,-0.11523588978159066,0.06356517269637457,0.999924545941532,0.11881669567056831,0.22727238918871706,-0.17200144041782656,-0.7684581329532767,-0.1752272492863917,-0.142671240065997,0.21219343634424073,-0.43935077068985834,-0.4826797830591253,0.2380904936501031,0.9998852501038766,0.6054014932348734,-0.16435076801370127,-0.6905319418858183,-0.013788561736494606,0.18206310710754062,-0.4809440408254298,0.22224360509413854,-0.3742449205395007,0.9772850498099667,0.9999248885424853,-0.242861369781339,0.32267143435909384,0.15953820065629978,0.37691695044041296,-0.26141503503494157,-0.7566064101603164,0.320158352097739,0.6525235282634311,0.7142038402847749,0.768745426688735,-0.7141283281893859,0.054503002075153614,0.9487511524296579,0.3016872338620232,0.22732755591897835,0.36457902850411195,0.24318194601621002,0.44249110060079677,0.4433196673540399,0.34489757184522496,0.3119183986422817,-0.33634704886926453,-0.07322975426915825,-0.21901069909055784,0.4711766438672602,0.18432392359538394,0.09170256042093985,-0.6481984034356255,0.27962322651023447,0.14575859960545512,0.36654958911162777,-0.7268160957997272,-0.13985518551369983,0.07358441246892404,0.05796172351244737,-0.054356621223173494,0.10591032828627381,-0.7561450389382646,0.07531747337816162,0.3789961805183648,-0.16313383958455033,0.339216360807155,-0.2986098488055926,0.2056285845369305,0.14152602816149673,0.20555016016754243,-0.18352404611695586,-0.4510185337933945,0.3564695730848999,0.1951273180003005,0.32304620984960336,0.35289892624946384,0.3119765490738356,-0.4146035831121545,-0.6317821661952859,0.2712274219309432,0.17695758318612928,-0.4525601192004447,0.3411983468793008,-0.7390689551549947,-0.5691229107478136,0.187342113573877,0.3733206063950842
TOMOBTC,-0.012077251926492689,1.0,0.1800718317141316,-0.1292971680418124,0.25006908428182595,-0.23491316301147858,-0.016242713893328865,-0.01583895278174802,0.49094648138385444,-0.12870766530823735,0.4681325366852571,0.32462053689069176,0.41787058469968963,0.23428498357106695,0.059422918799743825,0.7378929100957324,0.2839398934234682,-0.2002655257312365,-0.5781308297314591,-0.18577069502297208,-0.0046151323648898675,-0.1159131342138529,-0.1505609687658602,-0.04615390632986245,0.2513685222254932,-0.07513617808823556,-0.01649732388016257,-0.01603953019491885,-0.011204716001239075,0.05241132230844859,0.10201138519625229,0.04059634116492741,0.0471906013221127,0.19916819090506233,0.36813420986405604,0.5332242359667336,-0.7445418742805512,-0.2576350887867079,0.2873399021589226,0.18951146606324917,-0.23994113999587224,0.22186796239106873,0.2634919427871836,-0.14733797762719866,-0.014496009928693576,0.002386773608256536,-0.2144588784689681,-0.1784393049006104,0.031733823793665364,0.1417077090211229,-0.10201251723261877,-0.06721599139159118,0.20077264526651373,0.20807652805797835,-0.05008164943132348,-0.20811954205627142,0.38753406681382363,0.10307622673427369,-0.2613555707006304,0.43848978778907166,0.07256126828260531,0.36425366615864574,-0.15489813555107582,0.09364822716227776,-0.024847246333025118,0.3157957666896556,0.5733420706103299,0.15002392768713546,-0.16289405604890284,0.10692014323240416,0.389304440287508,0.12689764616684215,0.23681401505699756,-0.17497094965992355,0.35084220424261364,0.021223998796085417,-0.38931352856698864,0.18533544691502288,0.010122454326557815,-0.19859550995861577,0.258999801589198,0.33753950732772936,0.22831209849673034,0.06021476975886448,0.09119648664057715,0.01808023015767797,-0.20164004908661537,0.4328819375221005,-0.049249951351554584,-0.02203186144922455,-0.0523896391010376
ATOMBTC,-0.5348426809665633,0.1800718317141316,1.0,0.3464780701558427,0.7638238310030004,0.8284432294996796,-0.538229154919502,-0.36657366445023487,0.8377111143277088,0.8618337287249836,0.8839568106484621,0.8612604807642795,0.7689116325088761,0.7917957626282573,0.880692759887847,0.7406531417258115,0.7532281281729571,-0.6047150837452527,-0.649587937000661,0.8382168796025027,0.4889864217302757,0.16181229319290624,0.7851234877626831,0.8761945518296581,0.8413958778624264,0.838488990327354,-0.5376117278064361,-0.5372866073902065,0.838489702905044,0.861289848231431,0.8623588059696023,0.8588874352728375,0.889480050436037,0.840217794463338,0.8326415662117904,0.3368344363690039,-0.7004621465544019,-0.721134133559287,0.7919225194173193,0.7621543326112182,-0.6325457854696538,0.40456165371850183,0.600722842504095,0.7698982397059122,-0.4742435722394669,0.8123947397163243,-0.07093735045288226,0.9032023605931615,0.7804833288780586,0.6818950563820626,0.9046926872407998,0.8553693487980844,-0.3717963903378198,0.8504584282200088,0.8479806485408813,0.7849380111737804,0.7735978160288446,0.819441610279988,0.8243551376681901,0.8765655972202013,0.8207736802772504,0.7827411619097168,0.8842805122163226,0.8584364706744934,0.6039159376484641,0.7863877159348753,0.8403903128682543,0.7922583613038109,0.8049751487724781,0.8701534683899111,0.8512170824431577,0.8401889233154435,0.7807793137535328,-0.5367496573958004,0.8514067002638254,0.8472353379595485,0.8501763627308692,0.658257724213188,0.6052815140238035,-0.7143271308401332,0.8237572090662225,0.8288610026250063,0.7770113290395886,0.8701657920852617,0.829263910142905,0.8420893681357324,-0.6490418618896948,0.8073315996031663,0.6962687776301374,0.8835289064146903,0.5029733337366264
MATICBTC,-0.24670024756076026,-0.1292971680418124,0.3464780701558427,1.0,0.10836942291754248,0.208345074476344,-0.23863945646724785,0.18237534255346063,0.060053615761847506,0.154169767647748,0.5789293892989013,0.131126275416815,-0.006272395435899275,0.07379945968789334,0.4050737518339836,0.10723871375225166,0.0052535475432725735,-0.5457715712215632,0.6956894650621286,0.12326330018439956,0.2897162261218089,-0.42815346755845496,0.07809599615318208,0.48784314353008074,0.07048848793160746,0.03612639459904259,-0.23806390889766432,-0.23865783965933407,0.0862517068021267,0.11042645188133535,0.21138138313541974,0.11472626893368694,0.1392045204131315,0.2500283643292092,0.20087428362651472,-0.09793452174539342,0.9411780791718126,-0.5773012752955023,0.05012799821246271,0.3409861108986192,-0.4726350646561111,0.11289032977363286,0.16044390702257136,0.02958214293992866,-0.39040904907119417,0.04434511998073066,0.3827947811531217,0.1944955326171008,-0.0016879679783355194,0.4445252909491765,0.287276476528879,0.13757569037453798,-0.2381374413093284,0.3244407892761252,0.10010126995854517,0.19761130517689604,0.04947384832226388,0.060234819163030695,0.1920380714592773,0.1691985969603414,0.07670659744250376,-0.002367980476691855,0.17517959346917053,0.09506893989477964,0.27690349555565447,0.029392577409916715,0.04246209521101771,0.0003520964883579607,0.2772408541450002,0.1268422000747786,0.1596071178270297,0.43916113163254084,0.08866187134172777,-0.32908674770662893,0.1186478765463834,0.051938056649288085,0.1753833390874951,-0.12177412745988615,-0.15887757132805383,-0.5513898218151249,0.01855182676904947,0.04087908995439465,0.2371765018868973,0.18698501406824172,0.06187966431352228,0.07015955813493133,-0.34456677068228275,0.02711232104696217,0.3708006965968861,0.16988675519348212,0.4865283673171581
BNBBTC,-0.11523588978159066,0.25006908428182595,0.7638238310030004,0.10836942291754248,1.0,-0.5021634376796814,-0.028804400318984284,0.4357237637996797,-0.5860000794133481,-0.19648868513293782,-0.11505603481955594,0.5723470505131254,-0.2610156325198987,-0.5293797577839936,-0.2710140575838971,0.3802220290942932,-0.5854129106077596,0.16224645591988968,0.5800242825106158,0.18863109342470033,-0.07951166488012688,0.20516377388515886,-0.07349387731897383,-0.2096629024914716,-0.4201473510107084,0.4431596883536255,-0.49646548053078493,0.05282448874232873,0.6908012256517391,-0.382179080547834,-0.4554113539173685,-0.36203867781404164,0.14076589082249508,0.6668281170483289,-0.3010265530357846,0.8608784366621738,0.4992448728925493,0.49182411491557304,-0.2669633483973302,0.9362689020402248,0.7182012423939238,0.6925113825962232,0.8639449844110259,-0.5937687821134944,-0.5357260839720919,-0.5174593519213355,-0.4181749334816365,-0.4843819638501687,-0.4957110037087983,0.6389934672674193,-0.3818000870046794,-0.44438856903070256,-0.09620982254763957,-0.5143904671348161,-0.2533130357368977,-0.2137787552459215,-0.5723123508082174,-0.4628881921877051,-0.4726515225616254,-0.26801113017573464,-0.23021020816277885,-0.2722050544888854,-0.6085549161025834,-0.18674752447098353,-0.24422282862271924,-0.06419907824734931,-0.4552572745104085,-0.4743564888569573,-0.14448842715314955,-0.45262787692356293,-0.29138928429128086,-0.24165851621194992,-0.5464975859384359,0.47601479816388015,-0.30015694154667194,0.0991409685739424,-0.45462511281474016,-0.3861186018945549,-0.42575111422109513,-0.09129498433009206,-0.4915935237700775,-0.1449843855045447,0.8223768490815286,-0.5021111324671179,-0.6107123775412723,-0.09471871746762452,-0.49993919294930655,-0.3573861274614087,0.08276040611335252,-0.3943881025962987,-0.46667621497666956
ETHBTC,0.06356517269637457,-0.23491316301147858,0.8284432294996796,0.208345074476344,-0.5021634376796814,1.0,-0.7772422704448536,-0.6001488112359197,0.8638411279589545,0.6324688970792289,-0.42919441968338395,0.21361861451206618,0.5943530216653822,0.8948918768848572,0.80286719466559,0.5725432194619368,0.907171710100848,0.1456707902458488,0.061310998498513875,0.6216744389755811,0.30503383805639994,0.6211565278545461,0.735195188510968,0.9239848744309472,0.8466121806331135,0.3326852119738119,-0.6649769340439814,-0.7506324550211696,0.45967568302786205,0.8812482358687925,0.8909788955174953,0.8257762720891448,0.5654280579526624,0.8403432839331807,0.7416236569294468,0.6426421942286376,0.29802909228329966,0.29729752030085305,0.6064551213120678,0.8593207204504179,0.6069369184495738,0.5304315008867984,0.7178780496716559,0.8172569412020079,0.39069216522403005,0.8817120239783748,0.7434649887784376,0.8491334108472129,0.911546265858707,-0.03327539696529548,0.8541577342348954,0.7322144704942841,-0.40914226405689674,0.8929897262376285,0.8319312952412817,0.7715203806367689,0.8768403206298526,0.8400301501363072,0.832822464640148,0.7243355682872047,0.9188165189615721,0.8888581108362403,0.6310285824565048,0.8806930403840004,0.8585513928770604,0.8016423589040441,0.9546964204437198,0.9206255775825998,0.6706920200097221,0.9097891209087735,0.856555032432389,0.9142432879725584,0.886710997613903,0.762578352113363,0.8996213891951871,0.8636076142419565,0.8646554450250545,0.8773277095512394,0.9186551208486646,0.7890121161384395,0.8509743713388926,0.5936502262678762,0.8651963559229574,0.908983399966114,0.5696149952798552,0.883818698657945,0.48415985408101775,0.7527790845703758,0.6292681168594277,0.8682673502138754,0.831163137958271
BTCUSDC,0.999924545941532,-0.016242713893328865,-0.538229154919502,-0.23863945646724785,-0.028804400318984284,-0.7772422704448536,1.0,0.6352005644458362,-0.8690038606749362,-0.9042926807702578,-0.7734899570989667,-0.4548208932596389,-0.8870458165076237,-0.8115569247012916,-0.8389540612876518,-0.6321221535843928,-0.7867372356998937,0.9999277785525732,0.6054294176527979,-0.6709601084322833,-0.692346676562254,-0.0077614681347866355,-0.3912465661287366,-0.9203802915669348,-0.8954951904647552,-0.5981331379955926,0.9999932980639146,0.9999973233107331,-0.2834688124271172,-0.7410813176302428,-0.8262305294081146,-0.6775654270358172,-0.8525392584153246,-0.7565893652812445,-0.8726080455258174,0.6459734028759893,0.7008382654989407,0.7689076638555103,-0.8338554173289515,0.05547150926543904,0.9497427497609542,0.302492143769061,0.22987573770042585,-0.7415092635220917,0.24379146545041872,-0.864260289846595,0.11531025192544497,-0.8198789197639487,-0.8255241721577189,-0.3400946618443362,-0.9225239049077847,-0.8808084716759205,0.4939709255580692,-0.7899826583896906,-0.8185356553113913,-0.8977279881610273,-0.7895880175798698,-0.8208531747937162,-0.8824274535876252,-0.9030875991582481,-0.8100589016794894,-0.6968209383651279,-0.8752962925528245,-0.6889497547719102,-0.6615343213552577,-0.8516198385537301,-0.8419625376342738,-0.8316044444212561,-0.9308481996137329,-0.8373484750182159,-0.7425603851074768,-0.7667534355390093,-0.8173617065966448,0.20594456018986174,-0.8723848218771577,-0.8032874085829874,-0.8808616927242066,-0.682413249984528,-0.8392842996722996,0.3561064707932134,-0.859452756515324,-0.8704039428288803,-0.6303621182332396,-0.9197863357098861,-0.7665751362431608,-0.8359674428740271,0.3433976512860837,-0.8607058339985285,-0.5693152956702685,-0.8493189158229927,-0.8747536454443245
LINKBTC,0.11881669567056831,-0.01583895278174802,-0.36657366445023487,0.18237534255346063,0.4357237637996797,-0.6001488112359197,0.6352005644458362,1.0,-0.589227941941885,-0.5143434017048395,0.11824427312110991,-0.07327420429559034,-0.6289217190186508,-0.7371253279044695,-0.753520474515126,-0.4372558320457163,-0.7381931246439917,-0.3281210085321446,-0.4497789175911111,-0.44838323046423045,0.31184637902889545,0.4683283610393953,-0.4626713748763928,-0.7406072924575182,-0.4715564835623876,-0.2814069127179929,0.4753633991851572,0.6604710403053122,-0.37786951667356267,-0.5407615639726934,-0.5171138670703598,-0.4515277078623709,-0.35861207119619937,-0.6374684888640102,-0.4672633739611081,-0.1891280370691254,0.20215897116729944,0.33170243297966023,-0.7153057451416056,-0.5053957564708279,0.4095457644110362,0.15979733273507185,-0.28418872026695324,-0.6884226846072997,-0.6668748016142756,-0.5282455603514332,-0.1655315694452269,-0.5292920314027242,-0.558106040659132,0.6498432564411171,-0.6004063077514044,-0.7789297860316459,0.41405102974673674,-0.5107672537881597,-0.5099098322246509,-0.7387361606993209,-0.5315005837400687,-0.5512929128453731,-0.6361428132193276,-0.7711413128389998,-0.6306155011815493,-0.619016626177721,-0.45711728724291434,-0.5890348899829285,-0.47256537278240346,-0.8314832875481188,-0.6557932326413458,-0.5278187052187427,-0.5582803359980484,-0.5049321810808904,-0.7988615964982768,-0.47495948477460376,-0.7808456698897144,0.22139353774916967,-0.6865702553869543,-0.6587527342537383,-0.49172376047756033,-0.5284665610284731,-0.5050034449566968,-0.19508008897663368,-0.6292211976750365,-0.6973118945517063,-0.6386206904032977,-0.57052694056345,-0.4775234127048266,-0.7240297287789579,-0.7430534702920354,-0.8188347737154503,0.830949156243425,-0.4782352897445362,-0.4403595089199033
STRATBTC,0.22727238918871706,0.49094648138385444,0.8377111143277088,0.060053615761847506,-0.5860000794133481,0.8638411279589545,-0.8690038606749362,-0.589227941941885,1.0,0.680717828794753,0.5293460424433705,0.20774103934439997,0.7177162974760125,0.8985232018035458,0.7740999736381177,0.6250025011539787,0.9140913544804053,-0.6382374828662044,-0.3570745114544172,0.38357563549041507,0.5817543688003669,0.056933231505198634,0.6585990234755938,0.9276957035069816,0.9590588442585243,0.25651501173057767,-0.7668305163143071,-0.8652087852612158,0.32560912288327537,0.9432070678987224,0.8527851200378976,0.9456165582900616,0.46153023163209894,0.9007709590685329,0.8044225024606073,0.8747170866789523,-0.6244012174751281,-0.7191485224552104,0.7393633095003014,0.9540970900960188,-0.7483885821700156,0.8525304142588631,0.8896357623452771,0.9319003566801186,-0.04468395476406247,0.9542262621686873,0.8305649999878927,0.9495187483961279,0.9139427531005877,0.03797959606673702,0.9546996676061493,0.6725846363445903,-0.3371465088028782,0.9199163643639676,0.8111568471932833,0.8364452514298417,0.9521482768693266,0.907227940165422,0.8784523992664246,0.840531196497412,0.9623416854233194,0.8882514451779885,0.8170818484878929,0.8024123025641031,0.8536090828068841,0.8831573425276992,0.9729115556707708,0.9614577232785461,0.44148721677104197,0.9433471750708412,0.8462109461461949,0.8487938610911527,0.8187632837055806,0.09700539202730803,0.8599187085123189,0.8598323730321827,0.9450844611003103,0.7921302278941771,0.8766585654411851,0.0031215654889985,0.9415213692761845,0.44384956794961206,0.9482242342744033,0.9330006361917887,0.6880830763234961,0.935954865475659,-0.06598215914983037,0.9295276292419399,0.3019256460389698,0.8341911900407156,0.938742015079933
XRPBTC,-0.17200144041782656,-0.12870766530823735,0.8618337287249836,0.154169767647748,-0.19648868513293782,0.6324688970792289,-0.9042926807702578,-0.5143434017048395,0.680717828794753,1.0,-0.4432521845099083,0.3750136763414921,0.8225345634444172,0.6815230393470222,0.4644937835033822,0.5340460303851201,0.6493324610251652,-0.0555851989952269,-0.13872376827705468,0.5704446656172479,-0.29486619986287677,0.1525756419878486,0.561193665897362,0.6544676589887887,0.7245650057169724,0.5207931564580423,-0.8132903808688144,-0.9101337003151815,0.2048116073732187,0.763032435878009,0.6092436143283124,0.7192836853471821,0.7621872727610611,0.9300907914022452,0.6932043436953537,0.3877723885894683,0.30069222926094746,0.7875684287061021,0.8628762070370879,0.8377844182337815,0.6523591870982562,0.18283336729801944,0.6349735361278077,0.5512955375733362,-0.36450503580346605,0.6970972783073427,0.5321455619629732,0.6449727532530719,0.6543948533539122,0.20411527152712067,0.6265818488404795,0.8162592230989056,-0.3577883406064379,0.6060049662200894,0.7671820950389269,0.7148738485761755,0.6379892292466613,0.5982896759351258,0.6064470942662964,0.8498059796927789,0.5845127491016368,0.6205335688978209,0.48656938646317427,0.5018572538588904,0.6346658578977318,0.8698377712038159,0.6734223994322104,0.6960902475504728,0.6618688471865535,0.6895079987217364,0.5006027665119268,0.7349974179817577,0.543579576175066,0.7921619499920921,0.6368987805237473,0.6204974398736458,0.7412203457405911,0.5674114558912167,0.6272159683756711,0.427791429040962,0.6686034621131844,0.7215201790657001,0.9308758501098497,0.6919831498219403,0.3739822874039204,0.6864166424056065,-0.18652056000310108,0.8557375321701121,0.8265022542728526,0.6549392259430628,0.7539697441002919
XTZBTC,-0.7684581329532767,0.4681325366852571,0.8839568106484621,0.5789293892989013,-0.11505603481955594,-0.42919441968338395,-0.7734899570989667,0.11824427312110991,0.5293460424433705,-0.4432521845099083,1.0,0.8166874279648354,-0.3000268518780066,0.6426666323244833,0.7973060637159677,0.49589475139009076,-0.2756699460635989,-0.7732790811078527,-0.8123592111283348,-0.06177564786946283,0.5296745725453895,-0.2065206606202632,-0.6245643052850316,0.6603330112843864,0.48120594174693887,0.1509156955925024,-0.7735026531107276,-0.7732563724597196,-0.2137134065631616,0.6667410371366779,0.5106836487368506,0.6608435643539081,0.10340166137487335,0.801559283575132,0.8849268434204665,0.8302081047592551,0.22966828501285705,-0.7986555499729341,-0.6795470763651286,0.5724856466684446,-0.8426127233708077,0.8212543122420459,0.6947862533296519,-0.8116074894570694,-0.20978797573816976,-0.14414771818192082,0.01673647707533041,0.32077270357903465,-0.3778216613532944,0.35706161938250897,0.4543725399132466,-0.038026939794930874,-0.3748524534978735,0.7427117435539781,-0.31896981102797567,-0.3329697915029216,0.4885942201888715,0.6120751197941939,-0.7543998855648836,0.8214917704430418,-0.35744143054679517,0.551114786982836,-0.0659665123233562,0.0718426332612722,0.5396679022192079,0.8170929791152662,0.4525656970745734,-0.45248564599978475,-0.03495369150551544,0.5078689542679666,0.9140082684010565,0.8492668932637386,-0.42668633853133353,-0.5336404361901668,0.635244307407803,0.8030542737290729,0.39879079594022093,-0.8318305629781075,-0.7566976274137672,-0.6419938818934823,0.035064386962437806,-0.04213108864192637,0.47739586417926355,0.44599965732319197,-0.06584385535206994,0.03694113882062717,-0.3789289802314054,0.10702430992204469,0.23559309709795184,0.7132776284512028,0.5714257803924513
ENJBTC,-0.1752272492863917,0.32462053689069176,0.8612604807642795,0.131126275416815,0.5723470505131254,0.21361861451206618,-0.4548208932596389,-0.07327420429559034,0.20774103934439997,0.3750136763414921,0.8166874279648354,1.0,0.42081490074550154,0.1728075363916975,0.052935755505875495,0.6470527688954312,0.10862702213219412,-0.6225217023463118,0.756662348230193,0.3862839619240561,0.20603809760080596,-0.6407524007166979,0.5660542216289783,0.044544158771202824,0.27622292948490124,0.7288571742179727,-0.8042205975446941,-0.40221687754671137,0.7961931056515386,0.3193834832992538,0.217584348394554,0.3979909631032543,0.4622094885387415,0.8144368346243612,0.23171097903581173,0.4892948927349486,-0.24155095168596075,-0.696296058421516,0.11930643489897347,0.8873155709555107,-0.6594808761645031,0.5612785504410847,0.7897852804263955,0.12414412319429716,-0.2066027869786574,0.21236914727221842,0.19713326878446377,0.24009514092384873,0.21716040790058375,0.25445281540396697,0.09601749873926042,0.1632796861220573,-0.2921158214585024,0.2185450814564171,0.4197865282962558,0.17407137575959034,0.19369168230450134,0.19286637455591063,0.11991663101213401,0.1767840144363912,0.16355640617099446,0.2758550174538632,0.12902969453565322,0.12325443550948409,0.3902891040853585,0.3207521138753675,0.17782219446204373,0.2482166508674823,0.1390683848505115,0.2578508610142245,-0.007010024032024022,0.33370592519256254,0.05839433657773672,-0.4204775836760085,0.09019106592570186,0.3716204704206673,0.27868247630367576,0.21735112204975493,0.20242000031428042,-0.5294032720699362,0.21609435061030968,0.26550275461233425,0.9243331680049907,0.18383268425486532,0.041901191937917734,0.1741179190111766,-0.2961189807524751,0.06441103411575672,0.40563222539045046,0.30525662309289514,0.27514456912172297
WAVESBTC,-0.142671240065997,0.41787058469968963,0.7689116325088761,-0.006272395435899275,-0.2610156325198987,0.5943530216653822,-0.8870458165076237,-0.6289217190186508,0.7177162974760125,0.8225345634444172,-0.3000268518780066,0.42081490074550154,1.0,0.6565113644610262,0.32585417925560317,0.6127918696840008,0.6633926008741724,0.1673777239387413,-0.4455547964450645,0.5041107747106521,0.13624865832650576,-0.03634221113660171,0.6593736852343878,0.49344316180898784,0.6183627941863205,0.44780983504939814,-0.7753481132595595,-0.8721325663019015,0.2510428350590579,0.6505558867875499,0.5576470221024257,0.6290122234234125,0.7438247140430247,0.929737278293347,0.6341679106218042,0.8942410234752854,-0.670552246951055,0.06997195641162117,0.6048883246806063,0.9654783522496365,0.04646109656056077,0.6376394780984667,0.8748726567223531,0.6984899306852395,0.6491308137038698,0.5913804203569569,0.4133553416439431,0.656389729448281,0.6015074322760201,-0.7556409786090081,0.537413491609757,0.6004044703544575,-0.3496448195778006,0.5792031472111981,0.6344403472763426,0.4862823761705777,0.6477566363525716,0.5345998796837546,0.7021962123657466,0.5840273656954977,0.5322260624069585,0.5929000388488908,0.6386736856101738,0.43590491206810034,0.5869758721664571,0.6830162295669202,0.5802334884824872,0.5896478224697421,0.47944698576670414,0.5930559859868041,0.3333269820040843,0.5924599920671857,0.5897168144516839,0.5576775096870897,0.5796612720966382,0.670378486620796,0.6120631343888288,0.530911994590748,0.5596507857711409,0.6716206381993208,0.7000248587805783,0.5954089258450593,0.9530084886234443,0.5735509103837227,0.6046202448293084,0.5399770526730083,0.6684254268893046,0.6653356405875417,-0.13468881567996607,0.5557306927855037,0.5891212017364649
XMRBTC,0.21219343634424073,0.23428498357106695,0.7917957626282573,0.07379945968789334,-0.5293797577839936,0.8948918768848572,-0.8115569247012916,-0.7371253279044695,0.8985232018035458,0.6815230393470222,0.6426666323244833,0.1728075363916975,0.6565113644610262,1.0,0.8915055121031047,0.5136251593971872,0.9327420087368606,-0.3947809448446722,0.024786496648960016,0.574233560163147,0.571072885637798,0.21366217999079334,0.7625680690716827,0.8985513213568581,0.8348158872613555,0.2630940623244109,-0.7031569431736951,-0.8208299751111047,0.40676973487964063,0.8505358104478024,0.9119206291589325,0.8239471736843061,0.4894205909173378,0.8431615826774328,0.8277908981477959,0.8708096101094546,0.37795455586524523,-0.5526766740961697,0.848666655005792,0.9400212450237387,-0.4426163872854909,0.6807764421020778,0.8239541204910595,0.9047745997748385,0.04048082809400126,0.9000829487975831,0.6867370722109547,0.8763654442830688,0.9120311966346027,0.1603852430682711,0.928748273467222,0.7823609545818053,-0.36218106956411683,0.8768174687324091,0.8259683073030444,0.8615341401464033,0.8925820545477514,0.9040623288189679,0.8787705473552037,0.8778299311374833,0.8946880030191794,0.8190455005351452,0.8036772451777788,0.7221299068292591,0.7801550499378402,0.9756524728734951,0.9351842801890922,0.8843651462461825,0.6553008906174542,0.8744143678257489,0.9169237526430808,0.852690567492111,0.9046353739942032,-0.3165022101001047,0.7689760570254858,0.7832328410578333,0.8685335785633842,0.8817846350330235,0.8970574326196586,-0.3837150035536616,0.879114633098055,0.5951115579459115,0.9039140809281813,0.9038400234972227,0.855531513831637,0.8715259979373225,0.04081868259415494,0.8736846077063246,-0.13216335561683779,0.8333365699277505,0.823982006967621
VETBTC,-0.43935077068985834,0.059422918799743825,0.880692759887847,0.4050737518339836,-0.2710140575838971,0.80286719466559,-0.8389540612876518,-0.753520474515126,0.7740999736381177,0.4644937835033822,0.7973060637159677,0.052935755505875495,0.32585417925560317,0.8915055121031047,1.0,0.2652651413335243,0.8822498526638965,-0.5784739743908924,0.6351443835587601,0.7377907257078021,0.5590118688545143,0.022086442476490796,0.20901450433371718,0.8538759278359291,0.5333407198694807,0.3101154180800263,-0.8305523340737299,-0.8413163768937882,0.4987028198985519,0.8125372633719987,0.9407680830463103,0.44882173519613294,0.3802888102659849,0.7751869924083682,0.9013749026892912,0.16932803078070222,0.6985771363708563,-0.7026452741001261,0.7026231159104038,0.5433847395712752,-0.6078401417104443,0.39564444791837433,0.4221933809363552,0.8691762519616844,-0.387335031417973,0.9570747514342457,-0.24840210386832254,0.7019227366014581,0.9403904261552803,0.7140696741996481,0.7814859037466045,0.8189051223582985,-0.4070419167551913,0.9169812182131835,0.539771254465303,0.7998341374308936,0.8475803421539665,0.8545918688193517,0.8599991331019549,0.7867661259436008,0.8473977883041283,0.8055953121369953,0.8132753246472924,0.9317170151909481,0.43916314582732774,0.942018391916178,0.9133906262296458,0.9484451952576461,0.8673737242805313,0.8921498890717575,0.9373691698380826,0.857949039269483,0.9063136913456189,-0.5604764707747176,0.8705928233975022,0.5583172388149121,0.7768801311962013,0.9270862306038051,0.9029386501701809,-0.6706715099096674,0.8579642978070403,0.7381675014229373,0.8400776802647963,0.9341486360059822,0.8992034568914152,0.7484493304316876,-0.5495874576978217,0.7474232743495374,0.5562667385584927,0.7554650747007713,0.7551311941557213
THETABTC,-0.4826797830591253,0.7378929100957324,0.7406531417258115,0.10723871375225166,0.3802220290942932,0.5725432194619368,-0.6321221535843928,-0.4372558320457163,0.6250025011539787,0.5340460303851201,0.49589475139009076,0.6470527688954312,0.6127918696840008,0.5136251593971872,0.2652651413335243,1.0,0.478493507367508,-0.38494416864053793,-0.5677349674140568,0.7326324358750791,0.1868457953935018,-0.17185363203899598,0.7681715220674914,0.5372853574988181,0.687679069509885,0.5606114175653761,-0.7869847702089382,-0.6036472035705762,0.5242231211369004,0.6519560035594981,0.5799655052261916,0.7722474546092478,0.7330709272721848,0.9473168897315387,0.5796552594780635,0.15983004912098844,-0.6034712410707483,-0.320150632380501,0.27305201766334997,0.8042670630712198,-0.4398730992148847,0.1274737456096733,0.6954346992178986,0.5913883567332967,-0.08011871786448549,0.516172568101733,0.13879551146098448,0.6731177532216395,0.5599924204786596,0.007231458334238038,0.5609299479320884,0.37506946588652484,-0.28820978162202116,0.5895737011700136,0.6990359352370888,0.3868449174806153,0.6049171689369901,0.5596923356702153,0.5882568411318359,0.38293492658098577,0.6526976005920624,0.6838458807439958,0.6917812818753527,0.5992409765392672,0.7060223516638358,0.4704409655832713,0.6149852947907095,0.5791457048772523,0.4119890506108504,0.6147870143387739,0.4092440156850243,0.6450289258100396,0.42784612368308395,-0.09974054486254225,0.5931526564740046,0.7423634421442677,0.6320842521652377,0.5530310981065154,0.5366069173252833,-0.28247358490628266,0.6229047610075292,0.5295204224582586,0.9428310465318447,0.4336197986024025,0.6039306464583168,0.6505929412750069,-0.1309174374151449,0.31939972260937927,0.026839714345302947,0.7235690800635803,0.5827406275187396
ZECBTC,0.2380904936501031,0.2839398934234682,0.7532281281729571,0.0052535475432725735,-0.5854129106077596,0.907171710100848,-0.7867372356998937,-0.7381931246439917,0.9140913544804053,0.6493324610251652,-0.2756699460635989,0.10862702213219412,0.6633926008741724,0.9327420087368606,0.8822498526638965,0.478493507367508,1.0,0.2754583632360915,-0.5898977418617012,0.5255793402065532,-0.15004579504138252,0.048653024842072554,0.6868899830650974,0.9104810878609442,0.8371439509897062,0.23404700968057832,-0.6115251882021988,-0.7968037131418961,0.32437647310943146,0.8889624203046961,0.8780939136960864,0.8397484849305896,0.4496204182801983,0.837731082961907,0.7765813883563168,0.8981367105750772,0.378446708152444,0.09025933701271881,0.9034622247269943,0.8862661431517975,0.09320181731564803,0.8156698789527029,0.8453672534368261,0.9443281868872252,0.6736094967987866,0.8897565358762779,0.705408465847971,0.8887692477131113,0.923193503396368,-0.7323635386310781,0.8616147869581255,0.7997333963501537,-0.27990712591600725,0.9025743378767245,0.7715935035693074,0.8667917031834806,0.905346574291107,0.8420693949291136,0.8813456205188088,0.9139852320078307,0.8936818826570274,0.8385032565859177,0.878496458752087,0.8088805467753992,0.7991985002028376,0.9505608589506982,0.9487980622112683,0.8971623283030947,0.663130679260067,0.9040831524195949,0.9460989960183775,0.8336658411699112,0.9353010286243986,0.562654750674294,0.877858351034423,0.7926599014585841,0.8727672469625086,0.8463314164565705,0.8840264141944888,0.669497619860138,0.9327564500891469,0.5834668833833486,0.916226949723341,0.8989742999416627,0.8625932986998404,0.8777289964914787,0.7368009178157003,0.9124951637693577,0.044642759898518715,0.8229934081269087,0.8470242722338293
BTCBUSD,0.9998852501038766,-0.2002655257312365,-0.6047150837452527,-0.5457715712215632,0.16224645591988968,0.1456707902458488,0.9999277785525732,-0.3281210085321446,-0.6382374828662044,-0.0555851989952269,-0.7732790811078527,-0.6225217023463118,0.1673777239387413,-0.3947809448446722,-0.5784739743908924,-0.38494416864053793,0.2754583632360915,1.0,0.604075278859793,0.37630941199760287,-0.691398863831256,-0.01427386396854138,0.5812468439352475,-0.647837195599717,-0.47309202323367716,-0.29032620867788644,0.9999330651040477,0.9999270322157557,-0.09536134331196298,-0.5051967266920676,-0.20656809027542475,-0.47612520083984844,-0.008423777081522598,-0.6112104561823861,-0.6432854521621842,-0.5297860123239342,0.707057253592671,0.7692982070707001,0.36008399820499454,-0.48157643233683584,0.9499565761257887,-0.5578022088861786,-0.4514029577084561,0.6172529195938984,0.24332984406718208,0.07729030609105898,-0.40404101408317017,-0.4928644150845271,0.026195273034040015,-0.18453655743361982,-0.6520777100743881,-0.021221900721212206,0.11787670459050076,-0.6341652181067838,-0.08823457766034824,-0.2216144995701616,-0.12115204968669091,-0.4625060529884136,0.20093788157717196,-0.6734059186859004,-0.07089841634175037,-0.12635260678439655,-0.45536959482529776,0.2935456861729537,-0.34288647289823215,-0.47356749347028626,-0.46850724916725706,0.28228654022792465,-0.31148276451956386,-0.6270531811824589,-0.646558885330265,-0.7465650351509868,0.3950104583366686,0.20673519138895935,-0.3854809788887788,-0.5371144592781016,-0.35429690841892714,0.669345481944793,0.47983810964763823,0.35602368607607315,-0.3190911590419075,-0.16217473171673075,-0.5257061807708414,-0.5348076769964883,-0.23529619777326785,-0.23672351702653477,0.31481273815178723,-0.03548623743329921,-0.5113921867080217,-0.7041872372358595,-0.3737006839211925
TROYBTC,0.6054014932348734,-0.5781308297314591,-0.649587937000661,0.6956894650621286,0.5800242825106158,0.061310998498513875,0.6054294176527979,-0.4497789175911111,-0.3570745114544172,-0.13872376827705468,-0.8123592111283348,0.756662348230193,-0.4455547964450645,0.024786496648960016,0.6351443835587601,-0.5677349674140568,-0.5898977418617012,0.604075278859793,1.0,0.2996469353648397,-0.1442975724723496,-0.3883272990665081,0.040454423534145835,0.5854570587268124,-0.527275338281105,0.23631549408283406,0.5997217894828004,0.6077094310373571,0.3976236312973744,0.16141390998075933,-0.6193325570341341,0.1746341548054075,0.37500662505543436,0.20918784940812016,0.07927449222321968,-0.10487221779558059,-0.2792042906045959,0.5019592299527723,-0.43527807070007524,0.45564561827360706,0.6872949161079992,0.3816464940130523,0.6564481861755378,-0.09552823788805978,-0.6966040384697197,0.7252211917416836,0.837132483651215,0.5029111094416482,0.5959163105019102,0.8537598878049026,0.8488205900862903,0.4820952186222769,0.4778720724617383,0.4733257091176762,0.6225816124196902,0.5299083175898942,-0.5195382687942316,0.43816353256084745,0.47954531945091444,-0.7168187857582454,0.5781084565400526,0.6046044528531933,0.7079413748027746,0.0872728350666585,0.22683257115374933,-0.004087916431755151,-0.761779108747316,0.17336712503616808,0.5374808663115425,-0.5739417818603024,-0.6738353729461923,0.5838965181439401,-0.7582215348456387,0.4418772189585088,0.4697311549735002,0.4900735495758299,0.5254098068763795,0.2599496169254156,0.5805142617869109,-0.09364566283096683,-0.7714842880800477,-0.6102488242535105,0.37942076468414476,-0.4291537938682666,0.7438029911182533,0.622411564046481,0.23558864875079633,-0.4193383737156957,0.1159131054210457,0.022534211886740176,0.5863075328143204
EOSBTC,-0.16435076801370127,-0.18577069502297208,0.8382168796025027,0.12326330018439956,0.18863109342470033,0.6216744389755811,-0.6709601084322833,-0.44838323046423045,0.38357563549041507,0.5704446656172479,-0.06177564786946283,0.3862839619240561,0.5041107747106521,0.574233560163147,0.7377907257078021,0.7326324358750791,0.5255793402065532,0.37630941199760287,0.2996469353648397,1.0,0.012815590422741885,0.2879716428339814,0.5745764828395454,0.8750447533905297,0.5321265750082034,0.5917997722674834,-0.7109125057484769,-0.6423039584360528,0.7026179061886741,0.5735071118560786,0.49155731963412985,0.475687793554444,0.7921820828908347,0.8086258087764043,0.5391731899316481,0.8331704387219814,0.3722427741068289,0.3074968127708222,0.5374299294903099,0.9438425537891183,0.8057991091929846,0.6864378455337491,0.8327173106461833,0.3252113289063327,0.0690524259248587,0.5487213795976291,0.33556227953361817,0.3905659677290361,0.4803735186232944,0.14523517345306258,0.8052221095624839,0.7082326206472568,-0.4249342155709798,0.47147571448409004,0.6213177782666205,0.7749282625159283,0.3539829772875041,0.49214795181216775,0.5639977229829927,0.7056260009757568,0.9158161520155151,0.8777727556162711,0.06245309244501141,0.9234544200971138,0.7718254241347791,0.7927321830624877,0.7623251152248354,0.594936873246023,0.8200224146562028,0.5252068824551827,0.8138526374381075,0.6747638925411917,0.4733915307517779,0.20245670763904003,0.9114965086351379,0.8895365158950006,0.4650930114399173,0.5127371116424189,0.5106011937362267,0.25728047068096443,0.44300876268392503,0.7720620887298741,0.8907181824253414,0.48207525121240796,-0.0004688440711471817,0.9311904178401614,0.07825114668564075,0.7011798013194851,0.31829679638156066,0.5400863084291824,0.4518616303019691
KAVABTC,-0.6905319418858183,-0.0046151323648898675,0.4889864217302757,0.2897162261218089,-0.07951166488012688,0.30503383805639994,-0.692346676562254,0.31184637902889545,0.5817543688003669,-0.29486619986287677,0.5296745725453895,0.20603809760080596,0.13624865832650576,0.571072885637798,0.5590118688545143,0.1868457953935018,-0.15004579504138252,-0.691398863831256,-0.1442975724723496,0.012815590422741885,1.0,0.3522842836453429,0.02684767880494185,0.46559551057273685,0.2762423098222703,0.45420711864871566,-0.6914452573129388,-0.6917491207604434,-0.08846796590720744,0.6958672730704104,0.34545301694922664,0.6414089196342171,-0.26882987612764325,0.4033952303067789,0.47007647460655544,0.3944266143322386,-0.5922344901143367,-0.26240498004060253,-0.5081269398693344,0.49850732464655095,-0.4072036734970791,0.4407740393798323,0.45414913706352716,-0.2775010094399375,0.2038907179588357,0.02628190518033685,0.42379605751585453,0.7501411513449405,0.39978017132302834,0.35105269713483406,0.3430600051467527,0.24874432934305846,0.10283564453510044,0.2384605288209656,0.44133594318165703,-0.14042975321882378,-0.188751075515372,0.5311151844273675,-0.19982480996990457,0.24060644098240416,-0.1983144339838784,0.056933015739479675,0.5058907664665351,-0.4541720331487175,0.5417736322156622,0.5756511344745152,0.22680150786947367,0.17119764729164597,0.4108121447027766,0.5094599180514956,0.46387856937579397,0.5233678338395023,0.2569053315263453,-0.11747673032114402,0.2566777729886131,0.7353355198751762,0.5622818125632486,-0.32019635661572565,-0.4724226359175145,-0.19842912446008623,0.49052040646363915,-0.30068463718199173,0.4002274555019915,0.2880631227919598,0.2078669550135828,0.5284813506580145,0.11597628581971103,0.02213746754553164,0.7687722645989453,0.32095492044991164,0.5356227052321051
BCHBTC,-0.013788561736494606,-0.1159131342138529,0.16181229319290624,-0.42815346755845496,0.20516377388515886,0.6211565278545461,-0.0077614681347866355,0.4683283610393953,0.056933231505198634,0.1525756419878486,-0.2065206606202632,-0.6407524007166979,-0.03634221113660171,0.21366217999079334,0.022086442476490796,-0.17185363203899598,0.048653024842072554,-0.01427386396854138,-0.3883272990665081,0.2879716428339814,0.3522842836453429,1.0,0.6680249283923443,0.4349884925151344,-0.3644619388444424,0.5532621151351101,-0.007978213380602702,-0.015404722780675768,-0.6799556562765776,0.5422892078092727,0.7408163593057269,0.21276981537440592,0.6309489330769519,-0.39532857687577166,-0.4574927207193514,0.04891457695767166,0.4104271503509309,0.3601668841631367,0.015943490312705453,-0.4377755855603946,0.14808349195559714,-0.26804446639914153,-0.13715083105393444,0.5201198827262242,0.10370946721040822,-0.10088488845460283,0.2648991335976079,0.31205591835133223,0.10667215232328534,0.3908594426458194,0.2579825640313319,0.4348520594475154,0.3459996119192192,-0.7147237381923199,-0.10855243022844169,-0.34160793926721356,0.6721027755414168,0.3026037209999225,0.36074710612982697,-0.3086067150372966,-0.597410252493452,-0.1757862225865278,0.1929794308935869,0.5203308412967957,0.31085910731817734,-0.31160460963437187,0.16161745232929725,0.24383655189891365,0.41205892698267055,0.29269860484222443,-0.08057457206777423,0.27487341954023464,0.5353805251491867,0.25704109156117855,-0.6064830450964042,0.42414239403816556,0.10225213061007982,0.46837831326244017,0.2191810566205302,0.22122676100726116,0.5554226311962345,-0.22064597006772382,-0.25692792947741006,-0.15680472331106854,-0.09675356845423648,0.24731623592174176,-0.314496642832514,-0.222481734023804,0.33629543438537896,-0.3858114620605175,-0.18108400486663215
